camera_position_x: 0.05807338087262283
camera_position_y: 0.10735041279735451
camera_position_z: -0.025522616485193654
camera_orientation_r: -1.5448654314546988
camera_orientation_p: -0.054552057850104585
camera_orientation_y: 0.026634798623002637
head_2_joint_offset: 0.011399217632721332
head_1_joint_offset: 0.01133936906689635
torso_lift_joint_offset: -2.9660415880634432e-05
arm_1_joint_offset: 0.07636359321859593
arm_2_joint_offset: -0.10785609641435516
arm_3_joint_offset: 0.019406758842935874
arm_4_joint_offset: -0.021961134042328623
arm_5_joint_offset: 0.018812121017143222
arm_6_joint_offset: -0.12510736067947287
arm_7_joint_offset: 0.015243305072624698
tip_position_x: 0.25206678346936146
tip_position_y: 0.028828412708414995
tip_position_z: -0.019747179349278526
