camera_position_x: 0.06896897186567741
camera_position_y: 0.08526422853823465
camera_position_z: -0.006617485682849857
camera_orientation_r: -1.5455049519730004
camera_orientation_p: -0.02818707858878518
camera_orientation_y: 0.012714532602611833
head_2_joint_offset: -0.0012741101256495743
head_1_joint_offset: 0.2570891399521693
arm_1_joint_offset: 0.2630689793530279
arm_2_joint_offset: -0.04402628322373335
arm_3_joint_offset: -0.010210870864397812
arm_4_joint_offset: 0.01706957133927829
arm_5_joint_offset: 0.005825183493434411
arm_6_joint_offset: -0.1276003196218174
arm_7_joint_offset: 0.032289924120126545
tip_position_x: 0.2453904660158942
tip_position_y: 0.030629393867587
tip_position_z: -0.014300346367878575
tip_orientation_r: 19.67997962711031
tip_orientation_p: -1.550431689141354
tip_orientation_y: -21.27631362367297
