camera_position_x: 0.09539919999200762
camera_position_y: 0.07946343487576354
camera_position_z: 0.022320931588433037
camera_orientation_r: -1.565741525173182
camera_orientation_p: -0.01376665600551455
camera_orientation_y: -0.0014253724302144837
head_2_joint_offset: 0.013617533978932124
head_1_joint_offset: 0.013614461624309604
torso_lift_joint_offset: 2.733541447301193e-05
arm_1_joint_offset: -0.02053479631090914
arm_2_joint_offset: 0.04620138885148954
arm_3_joint_offset: -0.01465711935488559
arm_4_joint_offset: 0.006961246800557296
arm_5_joint_offset: 0.00039347776763849274
arm_6_joint_offset: 0.0069969290990625245
arm_7_joint_offset: -0.0024647556053629957
tip_position_x: 0.2187255506606695
tip_position_y: 0.03072047636127819
tip_position_z: 0.015407358829607858
