camera_position_x: 0.07734156001651708
camera_position_y: 0.07062145654555202
camera_position_z: 0.005358622653970534
camera_orientation_r: -1.552146347927189
camera_orientation_p: -0.040574311613584976
camera_orientation_y: 0.0019091713906923935
head_2_joint_offset: 0.017876373403600522
head_1_joint_offset: 0.017919372689169114
torso_lift_joint_offset: 0.00021203375885070974
arm_1_joint_offset: -0.009442834183949632
arm_2_joint_offset: 0.017393620110774673
arm_3_joint_offset: 0.0038498977758394766
arm_4_joint_offset: -0.008654553237281913
arm_5_joint_offset: 0.0031758244043151064
arm_6_joint_offset: -0.0010498820416280812
arm_7_joint_offset: 0.002328619146321007
tip_position_x: 0.0006468809500242465
tip_position_y: 0.012140826421843717
tip_position_z: -0.3298114631077106
