camera_position_x: 0.047241621770946075
camera_position_y: 0.08231684335042003
camera_position_z: 0.001456954803850481
camera_orientation_r: -1.55717325075784
camera_orientation_p: 0.021473700932333417
camera_orientation_y: 0.043153113978343684
head_2_joint_offset: 0.004883520016341548
head_1_joint_offset: 0.004859013234364943
torso_lift_joint_offset: -2.990476810672622e-05
arm_1_joint_offset: 0.06666617226465156
arm_2_joint_offset: -0.037124407189513986
arm_3_joint_offset: 0.004447179038707384
arm_4_joint_offset: -0.014590250218240779
arm_5_joint_offset: 0.01740342630767737
arm_6_joint_offset: -0.06046588357588452
arm_7_joint_offset: 0.049557549520209
