camera_position_x: 0.09029843638677479
camera_position_y: 0.0802489565387939
camera_position_z: 6.0770321638389604e-05
camera_orientation_r: -1.5707613334482289
camera_orientation_p: -0.00028128078959854753
camera_orientation_y: 0.00041226537635430426
head_2_joint_offset: 0.016250386822806596
head_1_joint_offset: 0.016215810461301296
arm_1_joint_offset: 0.009377576143221295
arm_2_joint_offset: 0.004179635591459974
arm_3_joint_offset: -0.003327704459853839
arm_4_joint_offset: 0.029549636349533892
arm_5_joint_offset: 0.0034587054847228984
arm_6_joint_offset: -0.12858783209505453
arm_7_joint_offset: 0.026606495931610536
tip_position_x: 0.23407541930695397
tip_position_y: 0.006379134373296215
tip_position_z: -0.0030024623998846016
tip_orientation_r: 0.011596528531187858
tip_orientation_p: -1.545405168843498
tip_orientation_y: -1.6181854073339539
