camera_position_x: 0.06896981684038679
camera_position_y: 0.08526392295482561
camera_position_z: -0.006731321780186655
camera_orientation_r: -1.545505643465888
camera_orientation_p: -0.02818718868353564
camera_orientation_y: 0.012715770808271593
head_2_joint_offset: 0.02163074838004484
head_1_joint_offset: 0.23415622089020127
arm_1_joint_offset: 0.26304302463202867
arm_2_joint_offset: -0.04402859535312404
arm_3_joint_offset: -0.010209827854516145
arm_4_joint_offset: 0.01706983906586401
arm_5_joint_offset: 0.005825142655615333
arm_6_joint_offset: -0.12760054103234456
arm_7_joint_offset: 0.03229012379075325
tip_position_x: 0.24539035804781212
tip_position_y: 0.030629167733982676
tip_position_z: -0.014299947941056775
tip_orientation_r: 19.679968488684707
tip_orientation_p: -1.5504316854121594
tip_orientation_y: -21.27630223724818
